SANTIAGO BAUZÁ HIRSCHLER, bo0476

Contiene 3 archivos py y una carpeta de recursos donde se encuentran las imagenes y un modelo.
Tambien un pdf con las imagenes captadas en cada uno de los pasos seguidos.

Para ejecutar el programa sodoku.py en PowerShell(cmd) py .\sodoku.py 

Setting UP
vertices
[[[  2   1]]

 [[  1 447]]

 [[447 448]]

 [[448   2]]]
vertices ordenados
[[[  2   1]]

 [[448   2]]

 [[  1 447]]

 [[447 448]]]
Numero de cajas
81
Probabilidades de ser digito
[5] 0.9999999
[3] 1.0
[0] 0.12821785
[0] 0.12864251
[7] 0.9974751
[0] 0.12890875
[0] 0.12891242
[0] 0.12894921
[0] 0.1289556
[6] 1.0
[0] 0.12897035
[0] 0.12897035
[1] 1.0
[9] 1.0
[5] 1.0
[0] 0.12897035
[0] 0.12897035
[0] 0.12897035
[0] 0.12900367
[9] 1.0
[8] 1.0
[0] 0.12897035
[0] 0.12897035
[0] 0.12897035
[0] 0.12897035
[6] 1.0
[0] 0.12897035
[8] 1.0
[0] 0.12628004
[0] 0.12782645
[0] 0.12896058
[6] 1.0
[0] 0.12897035
[0] 0.12897035
[0] 0.12897035
[3] 1.0
[4] 1.0
[0] 0.12897035
[0] 0.12897035
[8] 1.0
[0] 0.12897035
[3] 1.0
[0] 0.12897035
[0] 0.12897035
[1] 1.0
[7] 0.99999714
[0] 0.12897035
[0] 0.12897035
[0] 0.12896575
[2] 1.0
[0] 0.12897035
[0] 0.12897035
[0] 0.12897035
[6] 1.0
[0] 0.1290553
[6] 1.0
[0] 0.12897035
[0] 0.12893547
[0] 0.12897035
[0] 0.12897035
[2] 1.0
[8] 1.0
[0] 0.12897035
[0] 0.12904069
[0] 0.12897035
[0] 0.12897035
[4] 1.0
[1] 1.0
[9] 1.0
[0] 0.12897035
[0] 0.12897035
[5] 1.0
[0] 0.12909515
[0] 0.12897035
[0] 0.12897035
[0] 0.12918732
[8] 1.0
[0] 0.12897035
[0] 0.12897035
[7] 1.0
[9] 1.0
Digitos encontrados en las cajas
[5, 3, 0, 0, 7, 0, 0, 0, 0, 6, 0, 0, 1, 9, 5, 0, 0, 0, 0, 9, 8, 0, 0, 0, 0, 6, 0, 8, 0, 0, 0, 6, 0, 0, 0, 3, 4, 0, 0, 8, 0, 3, 0, 0, 1, 7, 0, 0, 0, 2, 0, 0, 0, 6, 0, 6, 0, 0, 0, 0, 2, 8, 0, 0, 0, 0, 4, 1, 9, 0, 0, 5, 0, 0, 0, 0, 8, 0, 0, 7, 9]
Donde hallan numeros colocamos un 0 y donde no un 1
[0 0 1 1 0 1 1 1 1 0 1 1 0 0 0 1 1 1 1 0 0 1 1 1 1 0 1 0 1 1 1 0 1 1 1 0 0
 1 1 0 1 0 1 1 0 0 1 1 1 0 1 1 1 0 1 0 1 1 1 1 0 0 1 1 1 1 0 0 0 1 1 0 1 1
 1 1 0 1 1 0 0]
Array de 9x9
sudoku sin resolver
[array([5, 3, 0, 0, 7, 0, 0, 0, 0], dtype=int64), array([6, 0, 0, 1, 9, 5, 0, 0, 0], dtype=int64), array([0, 9, 8, 0, 0, 0, 0, 6, 0], dtype=int64), array([8, 0, 0, 0, 6, 0, 0, 0, 3], dtype=int64), array([4, 0, 0, 8, 0, 3, 0, 0, 1], dtype=int64), array([7, 0, 0, 0, 2, 0, 0, 0, 6], dtype=int64), array([0, 6, 0, 0, 0, 0, 2, 8, 0], dtype=int64), array([0, 0, 0, 4, 1, 9, 0, 0, 5], dtype=int64), array([0, 0, 0, 0, 8, 0, 0, 7, 9], dtype=int64)]
Sudoku resuleto
[array([5, 3, 4, 6, 7, 8, 9, 1, 2], dtype=int64), array([6, 7, 2, 1, 9, 5, 3, 4, 8], dtype=int64), array([1, 9, 8, 3, 4, 2, 5, 6, 7], dtype=int64), array([8, 5, 9, 7, 6, 1, 4, 2, 3], dtype=int64), array([4, 2, 6, 8, 5, 3, 7, 9, 1], dtype=int64), array([7, 1, 3, 9, 2, 4, 8, 5, 6], dtype=int64), array([9, 6, 1, 5, 3, 7, 2, 8, 4], dtype=int64), array([2, 8, 7, 4, 1, 9, 6, 3, 5], dtype=int64), array([3, 4, 5, 2, 8, 6, 1, 7, 9], dtype=int64)]